data/gfs.json
{"header": {"discipline":0,"disciplineName":"Meteorological products","gribEdition":2,"gribLength":78749,"center":7,"centerName":"US National Weather Service - NCEP(WMC)","subcenter":0,"refTime":"2019-11-08T00:00:00.000Z","significanceOfRT":1,"significanceOfRTName":"Start of forecast","productStatus":0,"productStatusName":"Operational products","productType":1,"productTypeName":"Forecast products","productDefinitionTemplate":0,"productDefinitionTemplateName":"Analysis/forecast at horizontal level/layer at a point in time","parameterCategory":2,"parameterCategoryName":"Momentum","parameterNumber":3,"parameterNumberName":"V-component_of_wind","parameterUnit":"m.s-1","genProcessType":2,"genProcessTypeName":"Forecast","forecastTime":6,"surface1Type":103,"surface1TypeName":"Specified height level above ground","surface1Value":10.0,"surface2Type":255,"surface2TypeName":"Missing","surface2Value":0.0,"gridDefinitionTemplate":0,"gridDefinitionTemplateName":"Latitude_Longitude","numberPoints":65160,"shape":6,"shapeName":"Earth spherical with radius of 6,371,229.0 m","gridUnits":"degrees","resolution":48,"winds":"true","scanMode":0,"nx":360,"ny":181,"basicAngle":0,"lo1":0.0,"la1":90.0,"lo2":359.0,"la2":-90.0,"dx":1.0,"dy":1.0}, "data":
[rows 130 to 155 of 181, columns 58 to 115 of 360]
-14.335881,-14.195881,-12.665881,-12.575881,-12.455881,-11.165881,-10.005881,-8.235882,-6.935881,-5.8258815,-3.7658813,-1.7558813,0.26411864,1.2241187,2.6241186,3.5541186,4.894119,5.5341187,6.2341185,7.1941185,7.5341187,7.894119,7.9841185,7.794119,8.504119,9.434118,10.454119,9.594119,9.224118,5.854119,-2.3858814,-1.6658814,1.2841187,2.7041187,2.0841186,0.38411865,0.14411865,-13.815882,-12.5558815,-13.225882,-12.905881,-12.225882,-12.325881,-10.325881,-10.205881,-9.075881,-9.365881,-8.565882,-7.9258814,-7.6558814,-6.915881,-7.0058813,-4.0758815,-4.2958813,-4.5758815,-5.0658813,-4.5558815,-2.6358814
-19.255882,-18.68588,-17.165882,-14.865881,-13.265882,-12.635881,-11.095881,-9.655881,-8.325881,-7.6158814,-5.435881,-3.0358813,-0.97588134,1.1741186,2.5641186,3.4741187,4.544119,5.1741185,5.9941187,6.7241187,7.2341185,7.4341187,7.2441187,8.094119,7.834119,8.324119,8.264118,8.974118,8.904119,8.204119,3.5341187,0.5741187,0.7641187,2.2541187,1.5841186,2.3941185,-0.58588135,-4.145881,-13.465881,-12.635881,-12.755881,-12.925881,-11.825881,-11.475882,-11.085881,-11.005881,-9.675881,-9.525882,-9.065882,-7.5758815,-6.9258814,-7.0058813,-5.9658813,-5.2158813,-4.2658815,-4.7658815,-4.605881,-4.4858813
-18.885881,-17.69588,-16.94588,-14.615881,-14.655881,-12.705881,-11.275882,-9.975882,-8.455881,-7.955881,-7.1158814,-4.7158813,-2.7458813,-0.39588135,1.6141187,3.2141187,4.4741187,4.7241187,5.3241186,5.7841187,6.664119,7.044119,7.084119,7.0041184,6.7241187,7.5341187,7.584119,7.3241186,7.334119,8.814118,6.4341187,4.7141185,2.7341187,1.0941186,0.40411866,0.47411865,2.7041187,-0.32588136,-6.835881,-13.065882,-12.145882,-12.775882,-12.795881,-11.355882,-11.115881,-11.545881,-10.625881,-10.175881,-9.565882,-8.8058815,-8.175881,-7.5058813,-7.2958813,-5.9858813,-5.2958813,-4.455881,-4.0058813,-4.0558815
-18.27588,-17.165882,-16.665882,-16.285881,-15.005881,-14.215881,-12.455881,-11.785881,-10.735882,-8.865881,-7.7758813,-6.2758813,-4.1758814,-1.4658813,0.79411864,2.6041186,3.4341187,5.1141186,5.2541184,5.394119,5.7341185,5.9241185,6.0941186,7.104119,7.374119,7.544119,7.334119,6.6941185,5.7141185,4.6541185,6.2141185,4.5541186,3.1341186,2.6041186,1.0341187,0.13411865,0.35411865,1.5341187,-0.49588135,-1.1058813,-10.485882,-12.005881,-11.465881,-12.865881,-11.665881,-11.195881,-12.175881,-11.5558815,-10.525882,-9.115881,-8.815882,-7.395881,-6.7658815,-6.4458814,-6.3458815,-5.415881,-4.6358814,-3.9158814
-18.02588,-17.805882,-17.77588,-17.155882,-16.255882,-14.445881,-13.175881,-11.945881,-10.915881,-9.465881,-8.045881,-5.895881,-4.435881,-1.9858813,-0.115881346,1.5641186,3.3141186,4.1941185,4.7441187,5.4841185,5.6341186,5.7641187,5.8441186,6.5941186,6.9841185,6.7441187,6.8041186,6.124119,5.0541186,3.5341187,2.2441187,2.8241186,2.3641186,1.4441186,2.3041186,-0.085881345,-1.8358814,-1.9758813,-1.9158814,-1.5558814,-2.4058814,-1.4158814,-8.445881,-11.775882,-12.855882,-12.695881,-12.235882,-12.395882,-11.335881,-10.615881,-9.115881,-7.625881,-7.2258816,-6.9458814,-6.3658814,-5.705881,-4.9258814,-4.7258816
-18.59588,-17.255882,-16.045881,-16.585882,-16.43588,-14.815882,-12.345881,-10.575881,-9.445881,-8.495881,-8.335881,-6.2158813,-4.335881,-1.6858814,0.15411866,1.6441187,3.1641188,3.8341186,4.334119,5.0241184,5.8441186,5.9741187,6.334119,5.8641186,5.9641185,5.584119,5.6941185,5.4841185,5.4741187,3.7241187,1.7641187,0.11411865,0.39411867,1.4241186,-0.97588134,1.3541187,-2.4258814,-1.6658814,-2.7458813,-2.4858813,-1.8058814,-2.2758813,-1.2358813,-2.0858812,-12.275882,-13.3058815,-13.585881,-13.375881,-13.075881,-11.785881,-10.455881,-9.275882,-8.245881,-7.2358813,-7.0058813,-6.185881,-5.2258816,-4.685881
-18.295881,-18.495882,-17.005882,-16.27588,-14.605882,-13.115881,-11.705881,-11.025882,-10.095881,-9.675881,-9.075881,-6.9758816,-4.6158814,-2.4758813,0.22411865,1.3341186,2.5641186,3.7441187,4.3841186,5.2441187,5.6741185,5.9641185,5.794119,5.7841187,5.7241187,5.644119,5.4241185,5.4341187,4.414119,4.2141185,2.8241186,0.61411864,-1.4358814,-1.6358813,-0.39588135,-3.5858812,-1.1458813,-1.2158813,-0.97588134,-1.4958813,-1.5158813,-1.5658814,-0.30588135,-0.9358814,-0.9958813,-9.145882,-12.345881,-12.865881,-12.8058815,-11.755881,-10.935882,-9.735882,-8.685882,-8.075881,-7.4458814,-6.335881,-5.625881,-5.7758813
-18.655882,-19.465881,-18.84588,-17.17588,-15.285881,-14.575881,-12.595881,-12.755881,-12.205881,-11.525882,-9.535881,-7.2658815,-4.6958814,-2.4858813,-0.6858814,1.0541186,2.4241188,3.1941187,4.7441187,5.314119,5.7441187,6.0541186,6.3241186,6.1341186,6.0141187,5.7541184,5.7241187,5.2341185,4.1541185,3.3941185,2.4241188,1.1341187,-1.0658814,-3.0058813,-3.1758814,-2.5558813,-4.9458814,-2.4358814,-0.88588136,-1.0658814,-1.4558814,-1.5858814,-1.3458813,-0.8758814,-1.4358814,-1.9558814,-5.7558813,-7.8258815,-11.215881,-10.425881,-10.565882,-9.975882,-9.375881,-8.525882,-7.185881,-6.4458814,-6.4858813,-6.0658813
-18.815882,-20.665882,-20.315882,-18.92588,-17.035881,-16.35588,-14.605882,-13.855882,-12.855882,-11.085881,-9.175881,-6.6758814,-4.5958815,-2.2958813,-0.7458813,1.0741186,2.2241187,3.4941187,3.8041186,5.0541186,5.604119,6.064119,6.0241184,5.8641186,5.8241186,6.0141187,5.5941186,4.6541185,3.4941187,3.4241188,0.98411864,0.054118652,-1.7558813,-2.3158813,-4.3258815,-4.0258813,-3.0458813,-5.7258816,-3.4458814,-1.9158814,-1.8358814,-1.5058813,-1.9858813,-2.1758814,-2.1558814,-2.4358814,-2.9758813,-3.1858814,-4.5158815,-7.1358814,-7.7858815,-8.695881,-8.685882,-8.335881,-7.685881,-6.8858814,-6.6358814,-6.5358815
-17.59588,-20.44588,-20.975882,-19.235882,-18.705881,-16.465881,-14.915881,-13.745881,-11.825881,-11.105882,-8.655881,-6.0958815,-4.915881,-3.3458815,-0.7458813,1.1341187,2.4341187,3.9441187,4.6141186,5.104119,5.7841187,5.6341186,5.6541185,5.644119,5.9041185,6.0141187,5.5241184,5.0541186,4.4941187,3.5641186,1.2641187,0.28411865,-0.97588134,-2.3158813,-4.1358814,-4.5158815,-4.9858813,-5.145881,-5.4858813,-3.7358813,-3.1558814,-2.2658813,-1.8158814,-1.5458814,-1.9058814,-2.6258814,-3.8658814,-3.9658813,-4.335881,-4.085881,-3.8058813,-4.5658813,-4.4658813,-5.7158813,-5.6558814,-5.7958813,-5.855881,-5.7858815
-16.625881,-18.625881,-20.01588,-18.865881,-18.325882,-16.94588,-15.465881,-13.265882,-12.045881,-11.205881,-8.635881,-6.955881,-3.9458814,-2.4358814,-0.79588133,0.45411864,1.5741186,3.6041186,4.0741186,5.104119,5.3641186,5.3241186,5.6541185,5.9041185,5.7141185,5.6741185,5.4441185,4.7341185,4.6741185,3.8341186,2.3141186,-0.35588133,-2.4958813,-2.9058814,-4.125881,-4.0458813,-4.665881,-5.0358815,-6.955881,-6.0558815,-5.0958815,-3.0858812,-1.7658813,-1.6758814,-2.3058813,-2.6358814,-4.1158814,-3.4358814,-3.2658813,-2.9558814,-3.7058814,-3.5158813,-4.0758815,-3.8458815,-3.6158814,-3.5358813,-4.2158813,-3.6858814
-16.755882,-18.495882,-18.655882,-17.805882,-16.84588,-16.815882,-14.325881,-14.215881,-12.075881,-10.865881,-8.955881,-7.3458815,-4.7458816,-2.4158814,-0.51588136,1.6041187,3.4241188,3.6041186,4.3241186,4.564119,4.6141186,5.1541185,5.644119,5.3841186,5.3841186,5.1341186,5.3041186,4.894119,4.1841187,2.8041186,2.5741186,1.7241187,-2.0858812,-5.145881,-4.7758813,-5.125881,-4.9758816,-5.455881,-6.4658813,-6.8258815,-6.705881,-4.915881,-2.8158813,-1.6258813,-1.1758814,-2.3558815,-3.5058813,-3.9158814,-4.455881,-5.0758815,-4.7158813,-4.395881,-3.6758814,-3.0858812,-3.8158813,-3.9958813,-2.9458814,-2.9458814
-16.59588,-17.485882,-16.785881,-17.215881,-16.805882,-16.205881,-14.455881,-13.605882,-12.105882,-10.745881,-9.395882,-7.0358815,-3.8958814,-1.8058814,-0.115881346,2.5241187,3.6841187,4.064119,4.414119,4.604119,4.7841187,4.9841185,4.7541184,4.544119,4.7341185,4.6341186,4.664119,4.4841185,3.6741188,2.6841187,2.5941186,-0.115881346,-2.2958813,-5.165881,-5.6958814,-5.9058814,-6.2158813,-5.8258815,-6.585881,-7.435881,-6.9858813,-5.435881,-4.105881,-2.2858813,-2.4458814,-3.2858813,-2.3058813,-2.9958813,-3.4158814,-4.3058815,-5.1958814,-5.4658813,-5.0758815,-4.5658813,-3.9758813,-3.4458814,-3.2958813,-3.1158814
-15.825881,-16.26588,-16.27588,-16.235882,-16.385881,-15.225882,-14.695881,-13.175881,-11.385881,-9.875881,-7.685881,-4.9658813,-2.6458814,-0.79588133,1.2441187,2.9641187,3.0441186,4.5241184,4.9941187,5.1341186,5.164119,4.8041186,4.1541185,3.4541187,3.6741188,3.9041185,4.1841187,4.584119,3.4741187,3.0241187,3.8141186,0.60411865,-6.1758814,-5.2558813,-5.4758816,-6.0358815,-6.335881,-5.2458816,-6.1958814,-5.9858813,-5.7358813,-5.335881,-4.1358814,-2.9158814,-2.1358814,-1.4958813,-3.2658813,-4.6158814,-4.7558813,-5.145881,-6.7158813,-6.705881,-6.0958815,-5.0758815,-4.2858815,-4.6758814,-3.4758813,-2.0858812
-12.585881,-14.695881,-14.465881,-15.045881,-14.375881,-14.425881,-13.405881,-11.695881,-10.135881,-7.9758816,-6.0758815,-4.1958814,-1.0758814,0.27411866,1.4641186,3.0141187,3.8041186,4.144119,4.9241185,5.354119,4.9941187,4.0241184,3.4141188,2.9141188,2.6541185,2.4041185,2.6441185,2.8641186,1.9341186,2.4841187,3.7641187,0.84411865,-0.85588133,-4.915881,-5.3858814,-5.5058813,-4.685881,-5.8158813,-5.4858813,-4.8458815,-4.7858815,-4.2158813,-2.8458815,-2.1758814,-1.3758813,-2.0158813,-3.3058813,-3.8458815,-4.705881,-5.5558815,-5.6558814,-5.5758815,-5.605881,-4.915881,-4.8458815,-4.5658813,-4.3158813,-3.6858814
-13.235882,-13.925881,-13.665881,-13.775882,-12.935882,-12.595881,-11.335881,-10.165881,-8.625881,-6.7558813,-4.7358813,-2.0658813,-0.47588134,0.72411865,2.3841186,3.2041187,4.334119,4.8441186,5.314119,5.9041185,5.1841187,4.084119,3.6941187,3.5041187,3.1541185,3.0241187,1.8041186,0.86411864,-0.97588134,-0.96588135,0.19411865,0.28411865,1.3241186,-2.6758814,-3.0758812,-4.625881,-4.3858814,-3.9358814,-2.9558814,-2.4458814,-3.1358814,-4.1358814,-4.1158814,-4.2158813,-4.4658813,-3.2958813,-2.9358814,-4.6758814,-5.895881,-5.6958814,-5.3858814,-4.9258814,-4.895881,-4.8058815,-4.4258814,-4.0558815,-3.1258814,-1.6758814
-12.195881,-13.215881,-13.285881,-12.315882,-12.385881,-11.385881,-10.265882,-8.995881,-7.3658814,-5.2758813,-3.3058813,-1.0158813,-0.14588135,1.4741187,3.0241187,3.7841187,4.0741186,4.044119,4.9541187,3.8641186,3.1141186,3.1841187,3.2941186,3.9541187,4.894119,3.6641188,-1.1858814,-1.7158813,-1.0958813,-1.9058814,-0.88588136,-1.0658814,-1.4658813,-1.8358814,-2.2458813,-2.1158814,-1.3758813,-0.6758813,0.17411865,0.65411866,0.19411865,-1.7558813,-3.2658813,-4.205881,-4.835881,-5.3458815,-5.335881,-5.335881,-4.4958816,-4.1958814,-4.705881,-4.8058815,-4.3658814,-4.2458816,-4.1158814,-3.5958815,-2.3258812,-1.4158814
-12.755881,-12.255881,-11.625881,-10.865881,-10.685882,-9.755881,-9.085881,-7.3258815,-5.605881,-3.5858812,-1.9458814,-1.3558813,0.77411866,2.6041186,3.7841187,4.0541186,4.1941185,4.0241184,2.8641186,3.3941185,3.1941187,2.6941187,3.1241186,3.4041185,4.854119,0.28411865,0.27411866,0.23411866,0.06411865,-0.9958813,-1.6458813,-1.7058814,-3.6658814,-1.6858814,-2.4958813,-1.7058814,-0.78588134,0.97411865,3.1241186,3.8741186,4.5941186,6.104119,4.664119,-0.75588137,-2.3258812,-2.5658813,-3.3958814,-4.2358813,-4.4658813,-5.125881,-5.0458813,-4.5058813,-4.205881,-3.3958814,-3.1658814,-2.8158813,-2.9158814,-1.7258813
-8.975882,-9.015882,-7.625881,-7.9258814,-7.645881,-6.8258815,-5.8258815,-5.1758814,-3.4958813,-2.1858814,-1.0858814,1.1441187,2.1041186,3.2041187,2.6441185,2.3641186,2.5541186,2.6141186,2.9241188,2.5241187,1.7841187,1.7641187,2.5541186,3.9841187,-0.18588135,-0.85588133,-1.7258813,-0.25588134,0.71411866,0.43411866,0.014118653,-0.59588134,-1.0758814,-1.0358814,-0.6158813,0.11411865,1.6841186,2.2241187,2.2841187,3.0341187,3.5441186,4.7541184,5.374119,4.9641185,4.4841185,3.8141186,2.2041187,1.4341186,0.70411867,-0.57588136,0.64411867,-0.58588135,-2.8858814,-2.5358813,-1.3458813,-0.96588135,-0.24588135,0.5141187
-4.705881,-4.9758816,-5.1758814,-5.6358814,-5.5158815,-4.645881,-3.2358813,-2.0758812,-0.89588135,0.124118656,0.8241187,1.1341187,1.5441186,1.7541187,1.9541186,1.9141186,2.5341187,2.4941187,2.1941187,2.3541186,1.4141186,2.7641187,3.3241186,2.0741186,-1.4358814,-2.5758812,-3.0058813,-1.9758813,-1.1758814,-0.84588134,-0.45588136,0.054118652,0.40411866,0.48411864,0.71411866,0.89411867,1.7541187,2.8241186,3.8041186,3.0941186,3.8441186,3.4441187,4.0541186,3.4041185,4.084119,3.7141187,3.0541186,2.9441187,2.5541186,1.7541187,1.5741186,1.5141187,1.3141186,0.99411863,1.1841186,2.0041187,2.3541186,3.0041187
-3.2658813,-3.5358813,-2.9958813,-2.7458813,-1.9258814,-1.3858813,-0.7358813,-0.24588135,0.86411864,1.2341187,1.3841187,1.5741186,1.6441187,1.9041187,1.5241187,2.0241187,2.5241187,1.9441186,1.7741187,2.6341186,1.8741187,2.5641186,2.8141186,-2.7758813,-3.2658813,-3.8858814,-2.4958813,-2.1758814,-2.2658813,-0.9258813,0.28411865,0.98411864,1.4741187,2.0141187,1.8541187,1.5941186,1.7641187,2.3141186,2.5841186,2.2441187,2.4241188,2.7841187,2.7241187,2.4841187,2.0141187,2.1241186,2.1541185,1.4541186,1.4441186,1.2941186,1.2041186,0.98411864,0.91411865,1.4741187,1.2341187,1.8441186,2.6941187,3.7141187
-0.9958813,-0.75588137,-0.37588134,-0.055881348,0.95411867,1.1341187,0.6841186,1.1341187,1.4641186,1.2141186,1.1941186,1.1841186,1.5041187,1.5741186,1.9941187,2.4441187,2.0841186,2.2741187,1.3941187,1.4041187,1.8341186,2.2841187,0.65411866,-3.0058813,-4.5358815,-3.8058813,-2.4058814,-1.7658813,-1.0758814,-1.0958813,-0.21588135,1.1241187,2.2541187,2.3641186,2.0341187,2.0741186,2.0441186,1.9041187,1.9041187,1.5841186,2.3941185,2.3541186,2.0541186,1.7141186,1.5141187,1.6741186,1.2841187,0.6241186,0.5741187,0.70411867,0.53411865,1.2741187,1.1241187,1.8641187,2.7241187,3.0641186,3.9041185,4.7241187
0.36411867,0.80411863,1.6641186,2.0441186,1.9941187,1.9841187,1.8841187,1.6941186,1.6941186,1.9441186,1.9241186,2.1541185,2.4341187,2.4041185,2.2641187,2.3841186,2.4641187,2.1141186,1.4341186,0.6241186,0.9341186,-0.72588134,-1.6658814,-3.2158813,-3.4058814,-3.1858814,-2.8058813,-2.0958815,-1.3258814,-0.79588133,-0.06588135,0.80411863,1.5241187,1.3841187,1.5341187,1.7241187,1.8941187,1.9341186,2.3241186,0.5641186,1.5041187,0.84411865,0.64411867,1.9341186,2.2241187,0.98411864,1.9141186,2.0441186,2.2941186,2.2341187,2.0941186,2.3141186,2.3641186,2.7841187,2.9941187,2.7741187,3.7241187,3.3941185
2.1041186,2.6441185,2.8841186,2.8741186,2.7241187,2.5241187,2.4941187,2.3341186,2.5641186,2.8441186,2.6941187,2.4541187,2.4141188,2.4741187,2.6041186,2.8041186,3.8741186,2.2941186,0.66411865,0.5641186,0.33411866,-2.1158814,-3.4458814,-3.3758814,-3.6558814,-3.3458815,-2.7458813,-1.9258814,-1.0858814,0.19411865,0.91411865,1.3941187,1.3141186,1.5341187,1.5841186,1.3741187,1.5041187,1.2041186,0.86411864,-0.22588135,0.6241186,0.41411865,1.3641187,1.3241186,1.4541186,2.3241186,2.4341187,2.3841186,2.1641188,2.3441186,2.8541186,2.9541187,3.3141186,3.4541187,3.6441185,3.3041186,3.0041187,3.7341187
2.9941187,3.3541186,2.3241186,1.7341187,1.7841187,2.1141186,2.3841186,2.5541186,2.6341186,3.2441187,3.8941185,3.4841187,3.0641186,2.8441186,3.0741186,3.2341187,3.4941187,3.0741186,2.3941185,1.1141187,0.014118653,-1.3058814,-2.3058813,-2.7758813,-2.6558814,-2.3458815,-1.4958813,-0.38588133,0.64411867,1.0941186,1.6341187,1.7441187,1.7741187,1.8641187,1.3241186,0.24411865,0.22411865,0.71411866,0.8141186,1.2141186,1.6341187,1.7641187,1.1941186,1.0741186,1.2741187,1.9541186,2.6141186,2.8541186,2.8941185,2.8941185,3.3841186,3.4341187,3.1041186,3.9041185,3.9241188,3.7741187,3.4041185,3.3541186
1.7641187,1.9641186,2.1341186,2.0841186,2.0641186,1.9541186,2.3341186,2.7141187,2.9641187,3.1941187,3.7241187,4.144119,3.9141188,3.0241187,3.2341187,3.6241186,3.2841187,2.9141188,2.5441186,2.2141187,1.0641186,0.08411865,-0.48588136,-0.58588135,-0.64588135,-0.6758813,-0.52588135,0.27411866,1.0441186,1.1841186,1.2841187,0.9441187,1.5141187,1.3641187,-0.045881346,-0.14588135,-0.46588135,0.054118652,0.8141186,1.4941187,1.1941186,0.80411863,0.59411865,1.0241187,1.4441186,2.2141187,2.8141186,3.9041185,4.164119,4.0041184,2.7141187,2.6241186,2.7641187,2.8841186,3.2341187,5.7441187,5.0741186,3.8941185
