data/gfs.json
{"header": {"discipline":0,"disciplineName":"Meteorological products","gribEdition":2,"gribLength":78749,"center":7,"centerName":"US National Weather Service - NCEP(WMC)","subcenter":0,"refTime":"2019-11-08T00:00:00.000Z","significanceOfRT":1,"significanceOfRTName":"Start of forecast","productStatus":0,"productStatusName":"Operational products","productType":1,"productTypeName":"Forecast products","productDefinitionTemplate":0,"productDefinitionTemplateName":"Analysis/forecast at horizontal level/layer at a point in time","parameterCategory":2,"parameterCategoryName":"Momentum","parameterNumber":3,"parameterNumberName":"V-component_of_wind","parameterUnit":"m.s-1","genProcessType":2,"genProcessTypeName":"Forecast","forecastTime":6,"surface1Type":103,"surface1TypeName":"Specified height level above ground","surface1Value":10.0,"surface2Type":255,"surface2TypeName":"Missing","surface2Value":0.0,"gridDefinitionTemplate":0,"gridDefinitionTemplateName":"Latitude_Longitude","numberPoints":65160,"shape":6,"shapeName":"Earth spherical with radius of 6,371,229.0 m","gridUnits":"degrees","resolution":48,"winds":"true","scanMode":0,"nx":360,"ny":181,"basicAngle":0,"lo1":0.0,"la1":90.0,"lo2":359.0,"la2":-90.0,"dx":1.0,"dy":1.0}, "data":
[rows 0 to 25 of 181, columns 58 to 115 of 360]
1.3341186,1.3641187,1.3941187,1.4241186,1.4441186,1.4741187,1.5041187,1.5341187,1.5641186,1.5841186,1.6141187,1.6441187,1.6641186,1.6941186,1.7141186,1.7341187,1.7641187,1.7841187,1.8041186,1.8241186,1.8441186,1.8741187,1.8941187,1.9041187,1.9241186,1.9441186,1.9641186,1.9841187,1.9941187,2.0141187,2.0241187,2.0441186,2.0541186,2.0741186,2.0841186,2.0941186,2.1041186,2.1141186,2.1241186,2.1341186,2.1441185,2.1541185,2.1641188,2.1641188,2.1741188,2.1841187,2.1841187,2.1841187,2.1941187,2.1941187,2.1941187,2.2041187,2.2041187,2.2041187,2.2041187,2.1941187,2.1941187,2.1941187
0.55411863,0.5141187,0.47411865,0.42411864,0.38411865,0.33411866,0.28411865,0.24411865,0.19411865,0.15411866,0.11411865,0.06411865,0.024118653,-0.0058813477,-0.045881346,-0.07588135,-0.115881346,-0.15588135,-0.18588135,-0.20588134,-0.22588135,-0.25588134,-0.27588135,-0.29588136,-0.31588134,-0.32588136,-0.34588134,-0.35588133,-0.36588135,-0.36588135,-0.37588134,-0.38588133,-0.38588133,-0.38588133,-0.38588133,-0.38588133,-0.38588133,-0.38588133,-0.37588134,-0.36588135,-0.35588133,-0.34588134,-0.34588134,-0.33588135,-0.32588136,-0.31588134,-0.30588135,-0.28588134,-0.27588135,-0.25588134,-0.23588134,-0.21588135,-0.19588135,-0.16588135,-0.14588135,-0.115881346,-0.085881345,-0.055881348
-0.035881348,-0.12588134,-0.20588134,-0.29588136,-0.36588135,-0.45588136,-0.51588136,-0.59588134,-0.66588134,-0.72588134,-0.79588133,-0.85588133,-0.91588134,-0.97588134,-1.0258813,-1.0858814,-1.1458813,-1.1958814,-1.2358813,-1.2758813,-1.3158814,-1.3458813,-1.3658813,-1.3858813,-1.4058814,-1.4158814,-1.4258814,-1.4358814,-1.4458814,-1.4558814,-1.4758813,-1.4858813,-1.4858813,-1.4958813,-1.5058813,-1.5158813,-1.5158813,-1.5258813,-1.5358814,-1.5358814,-1.5358814,-1.5358814,-1.5258813,-1.5158813,-1.5058813,-1.4958813,-1.4858813,-1.4758813,-1.4658813,-1.4458814,-1.4258814,-1.4158814,-1.3958813,-1.3758813,-1.3458813,-1.3258814,-1.3058814,-1.2758813
-0.22588135,-0.31588134,-0.39588135,-0.46588135,-0.53588134,-0.59588134,-0.64588135,-0.69588137,-0.7358813,-0.77588135,-0.8158814,-0.85588133,-0.90588135,-0.95588136,-1.0158813,-1.0658814,-1.1258813,-1.1858814,-1.2458813,-1.3058814,-1.3558813,-1.4158814,-1.4758813,-1.5358814,-1.5958813,-1.6758814,-1.7358813,-1.8058814,-1.8658813,-1.9158814,-1.9558814,-1.9958813,-2.0158813,-2.0458813,-2.0658813,-2.0858812,-2.0958815,-2.1058815,-2.1158814,-2.1258814,-2.1158814,-2.1058815,-2.0958815,-2.0858812,-2.0658813,-2.0558813,-2.0458813,-2.0458813,-2.0358813,-2.0258813,-2.0158813,-2.0058813,-1.9958813,-1.9858813,-1.9658813,-1.9558814,-1.9458814,-1.9358814
0.15411866,0.034118652,-0.07588135,-0.17588134,-0.26588136,-0.33588135,-0.40588135,-0.47588134,-0.54588133,-0.64588135,-0.7458813,-0.88588136,-1.0358814,-1.1858814,-1.3358814,-1.4558814,-1.5658814,-1.6758814,-1.7758813,-1.8658813,-1.9558814,-2.0358813,-2.1158814,-2.1958814,-2.2758813,-2.3458815,-2.4058814,-2.4558814,-2.4858813,-2.5058813,-2.4958813,-2.4958813,-2.4958813,-2.4858813,-2.4858813,-2.4758813,-2.4658813,-2.4658813,-2.4558814,-2.4658813,-2.4658813,-2.4658813,-2.4758813,-2.4758813,-2.4858813,-2.4958813,-2.5058813,-2.5158813,-2.5258813,-2.5358813,-2.5558813,-2.5758812,-2.6058815,-2.6358814,-2.6758814,-2.7158813,-2.7358813,-2.7658813
0.59411865,0.42411864,0.22411865,0.024118653,-0.17588134,-0.36588135,-0.54588133,-0.71588135,-0.8758814,-1.0358814,-1.1658814,-1.2958814,-1.4258814,-1.5558814,-1.6958814,-1.8458813,-2.0158813,-2.1858814,-2.3358812,-2.4758813,-2.6058815,-2.7058814,-2.8058813,-2.8858814,-2.9858813,-3.0358813,-3.0458813,-3.0158813,-2.9858813,-2.9558814,-2.9258814,-2.8758814,-2.8058813,-2.7358813,-2.6758814,-2.6358814,-2.6358814,-2.6658814,-2.7058814,-2.7458813,-2.7858813,-2.8058813,-2.8258812,-2.8458815,-2.8458815,-2.8558815,-2.8558815,-2.8558815,-2.8258812,-2.8058813,-2.7958813,-2.7758813,-2.7658813,-2.7758813,-2.7958813,-2.8358812,-2.8758814,-2.9558814
1.0041187,0.78411865,0.5741187,0.37411866,0.17411865,-0.045881346,-0.29588136,-0.5658814,-0.83588135,-1.1158813,-1.3558813,-1.5558814,-1.7258813,-1.8658813,-2.0058813,-2.1358814,-2.2458813,-2.3758814,-2.5058813,-2.6458814,-2.7758813,-2.8858814,-2.9558814,-3.0058813,-3.0458813,-3.0958815,-3.1058815,-3.1258814,-3.1358814,-3.1558814,-3.1358814,-3.0558813,-2.9558814,-2.8158813,-2.6058815,-2.3258812,-2.0158813,-1.8458813,-1.7958814,-1.8858813,-1.9858813,-2.1058815,-2.2558813,-2.4058814,-2.5358813,-2.6158814,-2.6658814,-2.6858814,-2.6458814,-2.5758812,-2.4958813,-2.4558814,-2.4758813,-2.5458813,-2.6158814,-2.7058814,-2.7858813,-2.8358812
0.85411865,0.5641186,0.30411866,0.044118654,-0.20588134,-0.45588136,-0.6858814,-0.88588136,-1.0958813,-1.3158814,-1.5358814,-1.7358813,-1.9458814,-2.1958814,-2.4258814,-2.5458813,-2.6258814,-2.7058814,-2.8258812,-2.9358814,-3.0158813,-3.0858812,-3.1558814,-3.2158813,-3.2658813,-3.3158813,-3.3158813,-3.2758813,-3.2658813,-3.2758813,-3.2858813,-3.1558814,-2.6358814,-2.1958814,-1.9658813,-1.7858814,-1.6258813,-1.4958813,-1.4558814,-1.5158813,-1.6258813,-1.7158813,-1.8558813,-2.0558813,-2.2458813,-2.4358814,-2.6358814,-2.8058813,-2.9458814,-2.9958813,-2.9858813,-2.8858814,-2.7258813,-2.5058813,-2.2758813,-2.2358813,-2.2958813,-2.4158814
0.8741186,0.61411864,0.20411865,-0.23588134,-0.6258814,-0.9858813,-1.2758813,-1.5658814,-1.8458813,-2.1458814,-2.4458814,-2.7658813,-2.9558814,-2.9958813,-3.1258814,-3.3758814,-3.5258813,-3.4958813,-3.5058813,-3.5258813,-3.4958813,-3.5258813,-3.5458813,-3.5158813,-3.4758813,-3.3958814,-3.3158813,-3.1858814,-3.0358813,-2.9158814,-2.6658814,-2.3058813,-1.8358814,-1.4158814,-1.0858814,-0.8058813,-0.6158813,-0.54588133,-0.64588135,-0.8158814,-1.0058813,-1.2358813,-1.5258813,-1.7658813,-1.9358814,-2.0758812,-2.2358813,-2.4258814,-2.6258814,-2.8258812,-3.0158813,-3.1158814,-3.1158814,-3.0358813,-2.7958813,-2.4858813,-2.2758813,-2.2858813
0.97411865,0.17411865,-0.28588134,-0.17588134,-0.59588134,-0.6858814,-0.65588135,-1.7058814,-2.7458813,-2.9458814,-3.1658814,-3.2358813,-3.2858813,-3.3058813,-3.3258812,-3.2658813,-3.2158813,-3.1458814,-3.1058815,-3.2258813,-3.2958813,-3.1658814,-3.0658813,-3.0058813,-2.8258812,-2.4658813,-2.3458815,-2.4458814,-2.5558813,-2.5258813,-2.2158813,-1.5258813,-1.7758813,-2.7558813,-2.3458815,-1.1958814,-0.37588134,0.45411864,1.1241187,1.3941187,0.46411866,-0.035881348,-0.42588136,-0.83588135,-1.2058814,-1.5258813,-1.9158814,-2.2258813,-2.4258814,-2.5458813,-2.6258814,-2.6858814,-2.7158813,-2.7358813,-2.7358813,-2.6758814,-2.6358814,-2.6858814
-1.0058813,-0.89588135,-1.5558814,-2.0258813,-2.7358813,-3.2858813,-3.5058813,-3.7458813,-3.7058814,-3.6158814,-3.7558813,-3.7058814,-3.5758812,-3.5258813,-3.4058814,-3.3058813,-3.1658814,-3.0358813,-2.9358814,-2.7558813,-2.6758814,-2.5758812,-2.5958815,-2.5658813,-2.3858814,-2.2058814,-2.0858812,-1.9658813,-1.8858813,-1.7258813,-1.5558814,-1.4758813,-1.3258814,-1.0958813,-0.70588136,-0.79588133,-1.4158814,-0.90588135,-0.25588134,0.044118654,-0.8158814,0.29411864,-0.26588136,-0.58588135,-0.72588134,-0.88588136,-1.1858814,-1.5458814,-1.8958813,-2.2558813,-2.5958815,-2.8858814,-3.0658813,-3.1558814,-3.1858814,-3.1558814,-3.1758814,-3.3058813
-2.7558813,-3.3258812,-3.9558814,-3.9658813,-3.2958813,-2.8058813,-3.0458813,-3.3258812,-3.4258814,-3.4558814,-3.4458814,-3.3958814,-3.4358814,-3.4358814,-3.3558815,-3.3558815,-3.3458815,-3.3458815,-3.3758814,-3.3358812,-3.3058813,-3.2058814,-3.2658813,-3.3458815,-3.3658814,-3.3158813,-2.7558813,-1.9658813,-1.3658813,-0.9358814,-0.6158813,-0.20588134,0.124118656,0.33411866,0.5141187,0.86411864,1.1241187,0.7541187,-1.1558814,-3.0258813,-0.32588136,-1.0058813,-4.8258815,-2.6858814,0.26411864,-0.24588135,-0.20588134,-1.5258813,-2.0658813,-2.5858812,-2.7158813,-2.6958814,-2.8158813,-3.0858812,-3.2558813,-3.3358812,-3.4858813,-3.6958814
-3.0158813,-2.9158814,-3.2858813,-3.6158814,-3.9358814,-4.2258816,-4.1758814,-3.9658813,-3.2958813,-3.0658813,-2.5658813,-2.4858813,-3.3158813,-3.9058814,-4.165881,-4.2558813,-4.1958814,-4.1358814,-4.0758815,-3.8358812,-3.4758813,-3.1458814,-2.6358814,-1.9858813,-1.6058813,-1.3358814,-1.3858813,-1.6058813,-1.3458813,-1.0058813,-1.0258813,-0.79588133,-0.7358813,-0.6258814,-0.44588134,-0.36588135,-0.34588134,-0.35588133,-0.42588136,-0.54588133,-0.66588134,-0.60588133,-0.72588134,-1.0558814,-1.2158813,-1.7158813,-2.1858814,-2.4258814,-2.4558814,-2.4758813,-2.4458814,-2.4658813,-2.5758812,-2.7458813,-3.0158813,-3.3458815,-3.6658814,-3.8958814
-4.625881,-3.7758813,-2.3458815,-1.3958813,-1.8458813,-2.6058815,-3.2658813,-3.8758814,-3.6958814,-2.8758814,-3.5758812,-4.5158815,-4.5558815,-4.5958815,-4.645881,-4.705881,-4.4258814,-4.085881,-3.8158813,-3.4758813,-3.1158814,-2.8458815,-2.6358814,-2.5658813,-2.4958813,-2.3358812,-2.2358813,-2.1458814,-2.0858812,-2.0458813,-2.0058813,-1.9958813,-1.9158814,-1.7958814,-1.6558814,-1.5258813,-1.3158814,-1.1258813,-0.8658813,-0.75588137,-0.8758814,-1.0958813,-1.3758813,-1.5558814,-0.84588134,-0.6758813,-1.8558813,-1.6658814,-0.6158813,-1.2358813,-1.7658813,-1.6858814,-1.8658813,-2.1658814,-2.5458813,-2.9658813,-3.3458815,-3.6958814
-0.35588133,2.0741186,3.7141187,2.3641186,-0.37588134,-1.9958813,-3.4958813,-4.915881,-3.0458813,-4.2258816,-6.4858813,-6.355881,-5.895881,-5.7858815,-5.1958814,-4.9258814,-4.665881,-4.435881,-4.2958813,-3.9858813,-3.6658814,-3.3958814,-3.2858813,-3.1858814,-3.0458813,-2.9658813,-2.7958813,-2.6258814,-2.4858813,-2.3758814,-2.2358813,-2.0658813,-1.9758813,-1.5958813,-1.1858814,-0.84588134,-0.18588135,-0.18588135,-1.5058813,-0.78588134,0.13411865,-0.25588134,-0.9258813,-0.40588135,-0.18588135,-0.085881345,0.16411865,-1.0358814,-1.1558814,-0.59588134,0.8841187,0.26411864,-0.17588134,-0.60588133,-0.97588134,-2.7958813,-3.2058814,-3.4658813
-0.95588136,-3.7258813,-2.6458814,-3.1858814,-4.5558815,-4.935881,-5.7558813,-7.105881,-6.895881,-6.7958813,-6.455881,-5.705881,-4.8658814,-4.355881,-4.5558815,-4.2858815,-4.2458816,-4.3858814,-4.435881,-4.2158813,-3.9458814,-3.8058813,-3.7358813,-3.7658813,-3.7558813,-3.5458813,-3.2758813,-2.8458815,-2.3158813,-2.2558813,-1.6158813,-1.0558814,-0.91588134,-0.7358813,-0.9258813,-2.0758812,-2.9958813,-3.1458814,-2.7558813,-1.8158814,-0.57588136,-0.64588135,-1.1658814,-0.82588136,-0.055881348,-0.39588135,-0.90588135,-1.4358814,-0.46588135,-0.5658814,0.47411865,-0.19588135,-0.24588135,-1.0458814,-2.3958814,-4.185881,-4.5658813,-4.205881
-2.9358814,-3.8958814,-4.835881,-6.3058815,-5.705881,-6.6758814,-6.375881,-6.685881,-6.5158815,-5.955881,-5.7558813,-4.705881,-4.2558813,-4.4058814,-4.8658814,-4.8458815,-4.8258815,-4.855881,-4.8858814,-4.6558814,-4.7458816,-4.5958815,-4.4258814,-4.2358813,-4.0458813,-4.0958815,-3.5858812,-3.4358814,-3.4058814,-3.1658814,-2.2458813,-2.3258812,-2.1558814,-3.0658813,-4.355881,-4.2858815,-2.2258813,-2.3758814,-1.2258813,-4.0058813,-4.8258815,-3.8158813,-2.9358814,-2.9658813,-1.2658813,-1.0058813,-0.17588134,-1.1058813,-1.5658814,-0.19588135,0.08411865,0.16411865,0.53411865,0.47411865,0.07411865,-0.50588137,-0.60588133,-0.97588134
-4.6958814,-5.0758815,-6.2258816,-6.7458816,-6.605881,-7.185881,-6.9658813,-6.7858815,-7.1958814,-6.2958813,-4.9858813,-4.6358814,-4.5958815,-4.9758816,-5.3858814,-5.6158814,-5.5758815,-5.085881,-5.4958816,-5.1358814,-5.1158814,-4.5158815,-5.0658813,-3.2558813,-4.395881,-4.5458813,-4.4758816,-4.9858813,-4.685881,-4.2158813,-3.5858812,-3.9758813,-3.8958814,-3.2658813,-3.6958814,-3.7158813,-3.9758813,-4.415881,-4.5058813,-4.4858813,-3.7458813,-2.0958815,-1.9758813,-1.9958813,-2.0458813,-1.4358814,-1.3158814,-1.4558814,-1.1058813,0.33411866,0.91411865,0.5041187,0.59411865,0.54411864,0.92411864,1.1641186,1.1641186,0.9441187
-3.3758814,-5.3458815,-6.6758814,-6.7958813,-7.1158814,-6.935881,-7.5558815,-7.4758816,-7.5658813,-6.7458816,-6.1558814,-4.6158814,-4.3058815,-4.4458814,-4.895881,-6.5658813,-6.455881,-4.455881,-5.7358813,-4.9258814,-3.5058813,-3.2458813,-3.8658814,-5.0458813,-5.125881,-4.585881,-5.4858813,-5.2658815,-4.7358813,-4.6358814,-4.705881,-4.915881,-4.5058813,-4.7558813,-4.355881,-4.435881,-4.2358813,-4.5158815,-3.4258814,-2.0158813,-1.2958814,-0.79588133,-0.055881348,-0.29588136,-1.2358813,-1.2958814,-0.115881346,1.7641187,2.9041185,2.2941186,1.8841187,1.2941186,0.84411865,2.4741187,0.9441187,0.96411866,1.8641187,2.4341187
-4.455881,-5.9858813,-6.6958814,-6.8258815,-6.9958816,-7.3158813,-7.9258814,-7.145881,-0.7458813,-0.015881348,-2.8958814,-3.9858813,-4.1758814,-4.6958814,-4.9658813,-6.7258816,-4.855881,-4.0458813,-3.7358813,-4.2758813,-5.7858815,-4.3458815,-4.5658813,-5.3058815,-5.935881,-6.0058813,-5.0158815,-5.5358815,-5.455881,-6.1558814,-5.9458814,-5.2658815,-4.0658813,-3.6758814,-3.0358813,-2.5958815,-2.6258814,-2.4658813,-2.0758812,-1.0658814,0.13411865,1.3241186,0.06411865,0.40411866,3.5341187,2.2841187,2.2741187,0.8141186,1.7341187,1.0241187,2.1941187,2.3841186,2.8941185,2.7341187,2.4141188,1.9641186,1.9141186,1.9941187
-4.7658815,-2.0458813,-3.0558813,-6.335881,-6.685881,-7.415881,-7.1558814,-4.0158815,-2.5258813,-2.2958813,-3.2658813,-3.4058814,-3.9358814,-4.8058815,-4.5358815,-6.875881,-3.9758813,-4.6558814,-4.9658813,-5.605881,-5.9058814,-5.9958816,-5.6958814,-5.9458814,-5.435881,-6.0758815,-5.6558814,-5.0558815,-7.1958814,-6.875881,-8.875881,-3.3258812,-3.4558814,-2.5458813,-0.44588134,-0.0058813477,-0.28588134,-1.1158813,0.44411865,1.0541186,3.0841186,1.4641186,-0.54588133,2.8041186,2.6141186,0.25411865,-0.18588135,0.0041186525,0.99411863,0.9341186,1.8241186,1.9241186,1.8741187,0.024118653,-0.10588135,1.6541187,1.0041187,1.7641187
-3.1358814,-1.3258814,-1.9658813,-2.6558814,-1.4458814,-1.4258814,-1.0658814,0.15411866,-1.2358813,-5.185881,-5.5258813,-3.6058815,-3.6858814,-3.4858813,-3.8458815,-6.8258815,-7.1358814,-6.5458813,-6.7558813,-6.585881,-5.625881,-6.145881,-6.455881,-6.2458816,-5.4458814,-5.9758816,-6.1558814,-6.4858813,-6.7658815,-5.915881,-1.1658814,-3.5758812,-0.9258813,-0.9358814,-1.1758814,-1.2758813,-1.1858814,-0.77588135,-0.85588133,-0.69588137,-1.6458813,-1.1058813,-0.77588135,0.24411865,0.80411863,2.6141186,3.3341186,1.1741186,0.71411866,-0.085881345,-0.49588135,-1.2058814,-0.79588133,-0.71588135,-0.39588135,0.31411865,0.40411866,1.7341187
-1.0258813,-1.1158813,-0.58588135,-1.5858814,-1.3858813,-1.0558814,-1.0658814,0.9441187,0.41411865,-1.2458813,-5.8158813,-5.435881,-5.5458813,-5.875881,-5.1558814,-5.2458816,-8.365881,-5.9658813,-5.7358813,-6.6158814,-5.3058815,-5.395881,-5.7758813,-5.7758813,-6.1158814,-5.955881,-5.935881,-6.4458814,-6.2158813,-4.145881,-0.84588134,-0.26588136,-1.1158813,-1.0058813,-1.1358813,0.15411866,-0.015881348,-0.44588134,-0.96588135,-1.0958813,0.53411865,1.8941187,-2.0758812,-5.0258813,1.3441186,5.1341186,3.2841187,4.7041187,3.1641188,1.7441187,2.1641188,2.3941185,1.7641187,1.4141186,0.9341186,1.5041187,0.85411865,0.85411865
-1.2558813,-1.4258814,-0.77588135,-1.7858814,-0.09588135,-0.045881346,2.7241187,-0.53588134,-4.875881,-2.2258813,-1.2558813,-4.5458813,-6.5458813,-5.9458814,-6.955881,-8.285881,-6.5458813,-5.935881,-6.1558814,-6.125881,-5.6358814,-5.5958815,-5.375881,-4.955881,-4.9258814,-4.835881,-4.7458816,-3.6158814,-3.5758812,-3.3058813,-2.3958814,1.0341187,0.44411865,-1.4758813,0.64411867,0.024118653,-1.3958813,-1.3258814,-0.65588135,0.90411866,0.17411865,-0.9258813,-1.4158814,-2.6658814,5.7241187,8.374119,6.9541187,6.1741185,3.1341186,2.6341186,1.7141186,1.7041186,2.5941186,1.9141186,1.6341187,2.0441186,2.9241188,2.3941185
0.094118655,0.15411866,2.0341187,0.5041187,1.6941186,-1.4658813,-2.9058814,-4.685881,-3.4258814,-3.0058813,-1.7458813,-4.105881,-6.1358814,-6.6958814,-6.4658813,-5.7558813,-6.2558813,-5.5658813,-5.625881,-5.335881,-5.355881,-5.5558815,-5.415881,-4.6958814,-4.165881,-3.9458814,-3.2458813,-2.8858814,-2.8958814,-2.7758813,-0.9958813,-0.19588135,-0.69588137,-0.13588135,-1.2958814,-0.17588134,-0.07588135,-0.06588135,0.52411866,0.13411865,0.5041187,0.08411865,3.8541186,2.8741186,6.3241186,7.0941186,5.9741187,4.6741185,7.5941186,2.5141187,3.6141186,5.4941187,4.3641186,5.164119,3.0741186,3.8541186,2.5641186,2.5141187
-0.85588133,-0.77588135,-3.0858812,-3.1758814,-0.65588135,-2.6658814,-4.605881,-2.7758813,-3.3658814,-3.1258814,-3.1358814,-4.0558815,-7.0458813,-7.085881,-6.0458813,-5.9258814,-5.9758816,-6.3858814,-5.955881,-5.2958813,-5.105881,-5.605881,-5.455881,-4.835881,-3.9158814,-2.9958813,-3.1758814,-3.1258814,-3.7558813,-3.4558814,-1.7258813,0.28411865,0.35411865,0.6241186,-0.5558813,-0.20588134,2.7441187,3.2641187,2.1541185,2.1741188,2.1041186,1.4941187,3.8341186,6.164119,6.1341186,8.244119,7.4741187,2.7541187,5.914119,2.3141186,0.86411864,0.60411865,1.7441187,2.5941186,1.2641187,2.0741186,1.7241187,1.3541187
