data/gfs.json
{"header": {"discipline":0,"disciplineName":"Meteorological products","gribEdition":2,"gribLength":77832,"center":7,"centerName":"US National Weather Service - NCEP(WMC)","subcenter":0,"refTime":"2019-11-08T00:00:00.000Z","significanceOfRT":1,"significanceOfRTName":"Start of forecast","productStatus":0,"productStatusName":"Operational products","productType":1,"productTypeName":"Forecast products","productDefinitionTemplate":0,"productDefinitionTemplateName":"Analysis/forecast at horizontal level/layer at a point in time","parameterCategory":2,"parameterCategoryName":"Momentum","parameterNumber":2,"parameterNumberName":"U-component_of_wind","parameterUnit":"m.s-1","genProcessType":2,"genProcessTypeName":"Forecast","forecastTime":6,"surface1Type":103,"surface1TypeName":"Specified height level above ground","surface1Value":10.0,"surface2Type":255,"surface2TypeName":"Missing","surface2Value":0.0,"gridDefinitionTemplate":0,"gridDefinitionTemplateName":"Latitude_Longitude","numberPoints":65160,"shape":6,"shapeName":"Earth spherical with radius of 6,371,229.0 m","gridUnits":"degrees","resolution":48,"winds":"true","scanMode":0,"nx":360,"ny":181,"basicAngle":0,"lo1":0.0,"la1":90.0,"lo2":359.0,"la2":-90.0,"dx":1.0,"dy":1.0}, "data":
[rows 0 to 24 of 181, columns 228 to 284 of 360]
1.9595484,1.9395484,1.9195484,1.8995483,1.8795483,1.8595483,1.8395483,1.8195484,1.7995484,1.7795483,1.7495483,1.7295483,1.7095484,1.6795484,1.6595483,1.6295483,1.6095483,1.5795484,1.5495484,1.5195483,1.4995483,1.4695483,1.4395484,1.4095483,1.3795483,1.3495483,1.3195484,1.2895484,1.2595483,1.2295483,1.1895484,1.1595483,1.1295483,1.0995483,1.0595484,1.0295483,0.9895483,0.95954835,0.91954833,0.88954836,0.84954834,0.81954837,0.77954835,0.7495483,0.70954835,0.66954833,0.63954836,0.59954834,0.5595483,0.52954835,0.48954833,0.44954833,0.40954834,0.37954834,0.33954835,0.29954833,0.25954834
2.0995483,2.0795484,2.0595484,2.0395484,2.0095484,1.9895483,1.9595484,1.9295484,1.8995483,1.8595483,1.8195484,1.7895484,1.7395483,1.6995484,1.6495483,1.5995483,1.5495484,1.4895483,1.4395484,1.3695483,1.3195484,1.2495483,1.1795484,1.1095483,1.0395484,0.95954835,0.8795483,0.8095483,0.72954834,0.63954836,0.5595483,0.47954834,0.38954833,0.30954835,0.20954834,0.12954834,0.03954834,-0.05045166,-0.13045166,-0.23045166,-0.31045166,-0.40045166,-0.49045166,-0.58045167,-0.66045165,-0.74045163,-0.8204517,-0.90045166,-0.99045163,-1.0704516,-1.1504517,-1.2204517,-1.2904516,-1.3604517,-1.4304516,-1.5004517,-1.5604516
1.8995483,1.9095483,1.9195484,1.8995483,1.8795483,1.8495483,1.7995484,1.7495483,1.6995484,1.6495483,1.5895483,1.5395484,1.4895483,1.4495484,1.3995483,1.3295484,1.2595483,1.1695484,1.0795484,0.97954834,0.8695483,0.75954837,0.64954835,0.52954835,0.43954834,0.33954835,0.23954834,0.15954834,0.07954834,-4.5166016E-4,-0.07045166,-0.14045165,-0.22045165,-0.29045165,-0.37045166,-0.46045166,-0.54045165,-0.6304517,-0.72045165,-0.83045167,-0.93045163,-1.0304517,-1.1404517,-1.2604517,-1.3704517,-1.4804517,-1.5904517,-1.7004516,-1.8104516,-1.9104517,-2.0204515,-2.1404517,-2.2504516,-2.3404517,-2.4204516,-2.5004516,-2.5804517
1.5795484,1.6195483,1.6495483,1.6795484,1.6895484,1.6995484,1.6595483,1.6095483,1.5595484,1.5095483,1.4595484,1.4195484,1.3695483,1.3095484,1.2495483,1.1795484,1.0995483,1.0095483,0.9295483,0.85954833,0.78954834,0.72954834,0.66954833,0.60954833,0.52954835,0.44954833,0.35954833,0.24954835,0.13954835,0.02954834,-0.10045166,-0.24045166,-0.45045167,-0.66045165,-0.86045164,-1.0604516,-1.2704517,-1.5104517,-1.7504517,-1.9104517,-2.0404518,-2.1704516,-2.2704515,-2.3804517,-2.4304516,-2.4704516,-2.5004516,-2.5104516,-2.5204515,-2.5704517,-2.6304517,-2.6804516,-2.6704516,-2.6604517,-2.6604517,-2.6704516,-2.6604517
1.7195483,1.7395483,1.7395483,1.7195483,1.6995484,1.6695484,1.6595483,1.6795484,1.7095484,1.7395483,1.7795483,1.7895484,1.7695483,1.7195483,1.6495483,1.4895483,1.2895484,1.1295483,0.9995483,1.0195483,1.0495484,1.0495484,1.0195483,0.8795483,0.72954834,0.5595483,0.42954835,0.28954834,0.01954834,-0.35045165,-0.5704517,-0.7604517,-0.8704517,-0.98045164,-1.1104517,-1.2604517,-1.4204516,-1.5804516,-1.7304517,-1.8604517,-1.9804517,-2.0904517,-2.1904516,-2.3304517,-2.4804516,-2.6404517,-2.8004518,-3.0304518,-3.2704515,-3.5204515,-3.7504516,-3.9304516,-4.1104517,-4.2104516,-4.2304516,-4.0704517,-3.8004518
2.0295484,2.1395483,2.2395484,2.3295484,2.3895483,2.4495482,2.4595482,2.4495482,2.4495482,2.3995483,2.3295484,2.2695484,2.1795483,2.0595484,2.0995483,2.0895483,2.0095484,1.7995484,1.5895483,1.3295484,1.0695484,0.8095483,0.72954834,0.65954834,0.59954834,0.48954833,0.29954833,0.07954834,-0.09045166,-0.24045166,-0.37045166,-0.45045167,-0.52045166,-0.60045165,-0.64045167,-0.67045164,-0.6904517,-0.71045166,-0.64045167,-0.6304517,-0.77045166,-1.2704517,-1.7604517,-2.1304517,-2.3104517,-2.3904517,-2.3004518,-2.3604517,-2.4104517,-2.4904516,-2.5204515,-2.5704517,-2.5504518,-2.5104516,-2.4404516,-2.4704516,-2.5104516
2.6795483,2.7295485,2.7995484,2.8895483,2.9795485,3.0495484,3.0695484,3.0895483,3.0795484,3.0695484,3.0495484,3.0195484,2.9695482,2.9395483,2.8895483,2.8495483,2.7195482,2.6295483,2.5495484,2.3895483,2.1695483,1.8695483,1.5795484,1.3795483,1.2695483,1.1095483,0.85954833,0.63954836,0.48954833,0.35954833,0.33954835,0.32954833,0.28954834,0.24954835,0.22954834,0.18954834,0.09954834,-0.04045166,-0.18045166,-0.37045166,-0.90045166,-1.4804517,-1.7004516,-1.5604516,-1.2704517,-1.1504517,-1.1104517,-1.0904517,-1.0804516,-1.1404517,-1.2104516,-1.2704517,-1.2904516,-1.2904516,-1.3204516,-1.3204516,-1.2804517
2.9595482,2.9995484,2.9995484,2.9995484,3.0395484,3.1095483,3.1495483,3.1295483,3.1195483,3.1195483,3.0695484,2.9795485,2.9195483,2.9095483,2.9095483,2.8795483,2.8995483,2.8995483,2.8195484,2.6395483,2.4395483,2.1795483,1.9095483,1.6595483,1.4495484,1.3495483,1.1195483,0.88954836,0.76954836,0.70954835,0.6295483,0.60954833,0.66954833,0.70954835,0.65954834,0.6295483,0.6795483,0.72954834,0.6295483,0.19954833,-0.47045165,-0.8704517,-0.73045164,-0.8804517,-0.96045166,-0.8104517,-0.67045164,-0.5004517,-0.22045165,0.13954835,0.39954835,0.56954837,0.6795483,1.0895483,0.70954835,0.50954837,0.39954835
2.8895483,2.9995484,3.0395484,3.0595484,3.0895483,3.0995483,3.0795484,3.0595484,3.0595484,3.0595484,3.0395484,2.9895484,2.9395483,2.8895483,2.8395483,2.8295484,2.8095484,2.7995484,2.7895484,2.7795484,2.7595484,2.7195482,2.5795484,2.3495483,2.1495483,1.8895483,1.6895484,1.6195483,1.3395483,1.1095483,1.0095483,0.7995483,0.64954835,0.65954834,0.7495483,0.95954835,1.1495483,0.96954834,0.70954835,0.39954835,0.11954834,-0.43045166,-0.85045165,-1.3204516,-0.83045167,0.09954834,-0.11045166,-0.67045164,-0.80045164,-0.6304517,-0.64045167,-0.84045166,-0.5704517,-0.59045166,-1.0904517,-1.2004516,-0.66045165
2.8895483,2.9995484,2.9795485,2.9695482,3.0195484,2.9895484,2.8795483,2.8395483,2.8595483,2.8295484,2.7695484,2.7595484,2.7495484,2.7495484,2.7595484,2.6995482,2.6195483,2.5295484,2.4295483,2.3395483,2.2595484,2.2195482,2.1695483,2.1095483,2.0095484,2.0095484,1.9495484,1.8695483,1.6795484,1.3195484,0.9895483,0.81954837,0.7395483,0.53954834,0.43954834,0.05954834,-0.5604517,-0.89045167,-0.29045165,0.85954833,2.1795483,2.9495482,1.6795484,0.42954835,1.1095483,1.4195484,0.47954834,-0.40045166,-0.80045164,-0.52045166,-0.74045163,-0.78045166,-0.24045166,-0.15045166,-0.6904517,-1.1704516,-1.2304517
2.9095483,2.8895483,2.8195484,2.8495483,2.8195484,2.6995482,2.5495484,2.4895484,2.4795485,2.4895484,2.4595482,2.4595482,2.4895484,2.5295484,2.5195484,2.4995484,2.4595482,2.3995483,2.3695483,2.3495483,2.3795483,2.2695484,2.1495483,2.1595483,2.1395483,2.0795484,2.1995482,2.2895484,2.3495483,2.3695483,2.2895484,1.8395483,1.5095483,1.7195483,1.4295484,0.56954837,0.27954835,0.09954834,-0.78045166,-2.0604517,-0.8204517,1.9595484,1.2695483,0.08954834,1.3895483,2.9895484,2.0595484,0.6795483,1.1295483,0.8795483,0.58954835,-0.27045166,-0.97045165,-1.4804517,-1.4904517,-0.41045165,0.64954835
2.7695484,2.7495484,2.7595484,2.7095482,2.6095483,2.5095484,2.3895483,2.3995483,2.4695482,2.4595482,2.4495482,2.4895484,2.4795485,2.4095483,2.3195484,2.2995484,2.4395483,2.5595484,2.5095484,2.4195483,2.2695484,2.2395484,2.2195482,2.2395484,2.3295484,2.2595484,2.1095483,1.7695483,1.6995484,1.7295483,2.2595484,3.0995483,2.9295483,2.9195483,3.0495484,3.1295483,2.4995484,1.5795484,0.28954834,-0.47045165,-0.8804517,-0.55045164,-0.35045165,0.22954834,0.59954834,-0.44045165,-0.40045166,1.3895483,1.5495484,-0.0104516605,-1.0804516,-0.58045167,0.29954833,1.6395483,1.3395483,1.9895483,1.3195484
2.2295485,2.3595483,2.2295485,2.1395483,2.1595483,2.1395483,2.0895483,2.0695484,2.0395484,2.0595484,2.0995483,2.1395483,2.0595484,1.9795483,1.9295484,1.9995483,1.9595484,1.7595483,1.7795483,1.6795484,1.7095484,2.0095484,2.0295484,1.9495484,1.8695483,1.9095483,1.9195484,1.8295484,1.7895484,1.7595483,1.8295484,1.9395484,1.4595484,2.6095483,2.4095483,2.0195484,1.9995483,2.5595484,2.6695483,1.9495484,1.8295484,1.4495484,1.0295483,0.35954833,-0.85045165,0.22954834,-1.3204516,-1.4604516,0.01954834,-0.9404517,0.28954834,-0.35045165,1.1695484,1.0895483,-0.68045163,-0.31045166,0.42954835
1.5495484,1.4895483,1.5095483,1.4595484,1.4895483,1.5095483,1.4895483,1.3895483,1.3795483,1.3695483,1.2395483,1.0595484,0.77954835,0.83954835,1.3595483,1.5795484,1.5295483,1.4595484,1.4295484,1.5795484,1.4695483,1.5195483,1.6695484,1.7895484,1.9495484,1.9495484,2.1595483,1.9195484,2.4995484,2.5295484,2.2995484,1.8895483,1.9495484,1.9795483,1.9895483,1.4895483,1.1495483,2.5295484,3.0395484,2.6595483,1.7695483,1.5395484,1.0295483,0.84954834,-0.40045166,-0.89045167,-1.0004517,1.3895483,1.9295484,1.4395484,0.29954833,0.84954834,2.6895483,3.1595483,3.6095483,4.4995484,4.6495485
0.96954834,0.84954834,0.70954835,0.65954834,0.72954834,0.64954835,0.56954837,0.40954834,0.23954834,-0.08045166,0.02954834,-0.5604517,-0.47045165,-0.38045165,-1.0104517,-1.4704517,-1.4304516,0.47954834,1.2095484,1.6895484,3.6495483,2.9995484,2.2095482,1.1495483,1.9095483,2.8695483,3.2495484,3.0795484,1.7695483,1.5195483,1.7195483,1.2895484,1.3895483,2.1895483,3.1195483,3.0895483,2.2295485,1.1595483,0.49954835,0.41954833,-0.80045164,0.83954835,2.4095483,3.5395484,6.089548,5.759548,4.1895485,4.0195484,4.969548,6.3995485,7.4195485,8.179548,7.529548,4.989548,2.7895484,0.69954836,1.7195483
0.09954834,0.11954834,0.24954835,0.27954835,0.23954834,0.25954834,0.13954835,0.08954834,-0.21045166,-0.41045165,0.04954834,0.27954835,0.23954834,0.46954834,1.5095483,1.5495484,0.90954834,0.05954834,-1.1204517,-1.5504516,-0.72045165,0.72954834,0.5595483,0.65954834,1.2095484,1.0795484,1.2895484,1.5295483,1.3295484,1.4895483,1.6695484,1.7095484,1.6295483,1.3395483,0.8695483,1.2495483,1.2895484,0.8795483,1.2195483,1.9695483,-0.14045165,0.05954834,-0.8204517,-0.36045167,-1.8804517,-1.1704516,-0.5004517,0.5595483,-0.07045166,-1.0004517,1.6295483,1.1695484,-0.22045165,-0.7004517,0.9295483,2.2995484,2.0795484
-0.25045165,-0.17045166,-0.21045166,-0.17045166,-4.5166016E-4,0.04954834,-0.09045166,-0.23045166,-0.28045166,-0.77045166,-1.1504517,0.04954834,0.23954834,-0.66045165,-0.6904517,-0.21045166,-0.6304517,-1.4604516,-1.8504517,-1.7404517,-1.2704517,-0.93045163,-0.48045167,0.06954834,0.42954835,0.75954837,1.2995484,1.7495483,1.8195484,1.8395483,2.1595483,2.1095483,2.0095484,1.4995483,2.0295484,2.5895483,1.9295484,1.1295483,2.0895483,1.7695483,2.7595484,4.1895485,6.8095484,7.239548,5.589548,6.0195484,7.509548,7.339548,7.4195485,6.6695485,6.4295483,6.4395485,6.1195483,6.1895485,3.6795483,0.8695483,-2.8204517
0.41954833,0.5595483,0.41954833,0.45954835,0.43954834,0.70954835,0.44954833,-1.2004516,-0.7504517,-0.54045165,0.08954834,-0.5004517,-1.0604516,-1.9904517,-3.1104517,-2.9304516,-1.9904517,-1.6004517,-0.72045165,-1.8804517,-1.8304516,-2.6504517,-2.5704517,-1.0204517,-0.39045167,0.03954834,0.8795483,0.81954837,0.7495483,1.1995484,1.8695483,1.4995483,0.95954835,0.6295483,0.90954834,1.0895483,0.9995483,1.7095484,1.6895484,0.58954835,0.82954836,0.76954836,0.17954834,-0.5104517,0.7395483,1.4495484,1.5595484,-0.22045165,0.08954834,-0.20045166,0.60954833,1.6395483,1.3395483,-0.78045166,-0.06045166,1.4395484,1.6495483
1.3195484,1.4395484,1.4495484,1.2695483,0.71954834,0.43954834,-0.19045167,-0.52045166,-0.45045167,0.34954834,2.0495484,3.0095484,3.6895483,1.6095483,0.33954835,-0.67045164,-0.7004517,-0.78045166,-0.6204517,-0.6204517,-0.5004517,-0.38045165,-0.73045164,-0.54045165,-0.85045165,-1.3504517,-0.71045166,0.70954835,0.57954836,0.81954837,0.96954834,1.1295483,1.2595483,1.4795483,1.1895484,1.0395484,1.9395484,1.4395484,2.5595484,2.3795483,3.4395483,3.8895483,2.4795485,2.1995482,3.1295483,4.2295485,2.6295483,1.5295483,0.40954834,1.1795484,1.4495484,0.9295483,-0.15045166,0.21954834,0.34954834,-1.3004516,-0.04045166
0.64954835,1.0595484,1.3595483,1.2095484,1.4495484,1.6595483,-0.38045165,-0.030451661,0.9895483,-1.3204516,-2.8704517,-2.2204516,-3.2704515,-3.8004518,-1.6004517,-0.79045165,-0.89045167,-1.0704516,-1.2304517,-1.2804517,-1.6004517,-2.1304517,-1.8804517,-1.1804516,-0.84045166,-0.86045164,-0.60045165,0.00954834,0.47954834,0.57954836,0.96954834,1.1795484,1.0995483,0.7495483,0.88954836,0.9895483,0.57954836,0.38954833,2.0795484,0.56954837,1.5495484,2.7795484,2.9795485,2.1395483,2.5695484,1.8895483,4.1295485,4.6695485,4.9095483,4.7095485,4.1395483,3.4495482,1.6995484,1.1295483,0.40954834,-1.0004517,-0.42045167
-1.0104517,-0.41045165,0.95954835,1.5595484,1.9395484,3.1195483,2.4395483,1.6795484,2.4095483,1.4395484,-7.0904517,-5.7704515,-6.1004515,-6.180452,-5.4404516,-3.6404517,-3.0404518,-2.9904516,-2.1904516,-1.3604517,-1.8404517,-2.3504517,-2.8504517,-2.3804517,-2.1904516,-1.8804517,-1.9104517,-1.3804517,-0.60045165,-0.030451661,0.65954834,1.3895483,1.2795483,1.3195484,1.6695484,1.9995483,0.76954836,1.5695484,0.66954833,0.41954833,1.3195484,1.7595483,1.8495483,2.1195483,1.4195484,1.7595483,2.1295483,0.52954835,3.0995483,1.3495483,2.1895483,4.529548,2.8295484,4.6195483,3.7695484,0.59954834,0.6195483
0.10954834,-0.60045165,0.48954833,1.3595483,2.0595484,2.8895483,3.3595483,3.9995484,4.3795485,5.3995485,4.4095483,5.0795484,3.5595484,0.7495483,-6.1304517,-5.6204515,-5.8304515,-5.8104515,-5.700452,-5.8904514,-4.6304517,-3.9704516,-4.4004517,-3.5704517,-4.1204515,-3.9504516,-3.7004516,-3.7704515,-2.8604517,-1.7204517,-0.44045165,0.06954834,0.96954834,0.7495483,1.3695483,2.0695484,2.5695484,2.3195484,2.0795484,1.1495483,2.1095483,2.6495483,1.9895483,2.2695484,2.2095482,1.1895484,1.1495483,1.3795483,2.0095484,3.3595483,4.1095486,4.589548,2.7595484,2.8795483,5.1295485,4.0995483,4.3695483
3.8995483,2.5595484,3.2895484,3.1695483,2.8195484,3.9695482,3.4695482,3.2495484,3.2195482,2.8595483,3.8495483,4.1895485,4.1295485,5.0795484,3.3495483,3.9695482,0.85954833,0.45954835,-4.4004517,-6.1304517,-5.7304516,-5.660452,-5.3904514,-4.8304515,-3.0504518,-3.2304516,-3.8104517,-3.5104516,-3.3004518,-2.3104517,-0.85045165,1.0595484,1.9895483,1.3695483,0.8695483,1.1395483,2.2195482,1.0195483,0.97954834,1.1195483,1.3595483,1.0095483,1.4995483,1.4995483,2.3595483,-1.2404517,-0.99045163,-0.53045166,0.31954834,1.5695484,2.6295483,2.2895484,2.9895484,1.2395483,2.3095484,1.7595483,1.4495484
2.3495483,2.2395484,0.48954833,3.4195483,1.6095483,2.2795484,2.2695484,3.2095482,2.8695483,3.6295483,4.7095485,4.3295484,3.0595484,1.7295483,1.8295484,1.7395483,1.3995483,2.5695484,3.3595483,3.1795483,4.1195483,3.5195484,2.8295484,1.5695484,-0.38045165,-0.73045164,-0.16045167,-0.5004517,-0.7004517,-0.40045166,0.04954834,0.7495483,1.6895484,2.0095484,2.2995484,2.4095483,1.7595483,0.32954833,0.8795483,1.6095483,0.07954834,-2.0304518,-1.2204517,-1.6504517,-0.6304517,-0.45045167,-3.2504516,-0.20045166,-3.5504518,-2.3704517,-0.10045166,-0.99045163,0.50954837,0.14954834,0.65954834,-0.20045166,0.36954835
1.9295484,3.9195483,2.4995484,1.6695484,1.9195484,1.6795484,2.9095483,4.6595483,3.3595483,3.0695484,3.5395484,2.3495483,2.9695482,3.9995484,3.3995483,3.5595484,2.8895483,3.3295484,1.8295484,2.3395483,3.0595484,3.0795484,3.6395483,3.2595484,3.1195483,1.4595484,1.1495483,1.1795484,0.91954833,1.1395483,1.4195484,2.0795484,1.9395484,2.1095483,1.4195484,0.9995483,1.1895484,1.0195483,-0.28045166,-2.4404516,-1.5204517,-0.78045166,0.46954834,-5.5204515,-3.9804516,-0.60045165,-1.4504516,-0.05045166,-8.220451,-8.520452,-5.240452,-2.5104516,-1.0004517,0.41954833,0.44954833,0.03954834,0.83954835
