data/gfs.json
{"header": {"discipline":0,"disciplineName":"Meteorological products","gribEdition":2,"gribLength":77832,"center":7,"centerName":"US National Weather Service - NCEP(WMC)","subcenter":0,"refTime":"2019-11-08T00:00:00.000Z","significanceOfRT":1,"significanceOfRTName":"Start of forecast","productStatus":0,"productStatusName":"Operational products","productType":1,"productTypeName":"Forecast products","productDefinitionTemplate":0,"productDefinitionTemplateName":"Analysis/forecast at horizontal level/layer at a point in time","parameterCategory":2,"parameterCategoryName":"Momentum","parameterNumber":2,"parameterNumberName":"U-component_of_wind","parameterUnit":"m.s-1","genProcessType":2,"genProcessTypeName":"Forecast","forecastTime":6,"surface1Type":103,"surface1TypeName":"Specified height level above ground","surface1Value":10.0,"surface2Type":255,"surface2TypeName":"Missing","surface2Value":0.0,"gridDefinitionTemplate":0,"gridDefinitionTemplateName":"Latitude_Longitude","numberPoints":65160,"shape":6,"shapeName":"Earth spherical with radius of 6,371,229.0 m","gridUnits":"degrees","resolution":48,"winds":"true","scanMode":0,"nx":360,"ny":181,"basicAngle":0,"lo1":0.0,"la1":90.0,"lo2":359.0,"la2":-90.0,"dx":1.0,"dy":1.0}, "data":
[rows 150 to 174 of 181, columns 171 to 227 of 360]
-10.170452,-9.260451,-8.260451,-7.5504518,-6.9804516,-5.5704517,-3.4904516,-2.4504516,-2.1804516,-1.2404517,-0.11045166,0.6895483,1.7995484,2.8095484,3.4395483,3.8195484,4.3795485,5.0795484,5.819548,6.5995483,7.049548,7.6195483,8.549548,8.409549,7.8795485,7.4995484,5.7895484,4.0595484,3.6995482,4.2895484,4.8695483,4.8695483,4.4595485,4.4595485,4.0195484,4.1295485,3.7495484,3.0595484,2.5295484,2.3995483,2.0195484,2.0195484,1.9795483,1.5095483,1.0095483,0.8095483,-0.21045166,-1.0404516,-1.3404517,-1.7504517,-1.6804516,-0.15045166,2.7295485,2.4795485,2.5595484,2.6495483,1.6495483
-7.9204516,-7.1004515,-5.510452,-4.910452,-3.5304518,-2.5104516,-1.6404517,-1.2104516,-0.06045166,0.96954834,1.7695483,3.0095484,4.049548,4.5195484,5.3595486,6.1595483,6.6095486,6.799548,7.3095484,7.7295485,8.139548,8.199549,8.539548,8.589548,8.019548,8.339548,5.5395484,2.6395483,0.76954836,3.4995484,3.9395483,3.6595483,3.5395484,3.5595484,3.3995483,3.8495483,3.1595483,2.3995483,1.7595483,1.7195483,1.3095484,1.1395483,1.0295483,0.9295483,0.47954834,0.32954833,-0.5004517,-0.59045166,-1.5504516,-1.5004517,-1.6004517,-0.6304517,1.0295483,3.4795485,3.7995484,3.9995484,3.6995482
-4.760452,-4.4604516,-3.3904517,-2.2704515,-0.84045166,-0.030451661,0.72954834,1.6495483,2.6095483,3.5495484,4.5595484,5.2295485,5.3595486,5.739548,6.3795485,7.0795484,7.4795485,7.589548,7.7695484,7.9595485,8.229548,8.069549,8.369549,8.429548,8.759548,7.969548,0.11954834,-1.0804516,-0.11045166,2.4395483,2.3995483,2.0995483,2.4295483,2.2595484,3.1895483,2.5995483,2.7895484,2.4795485,1.6895484,1.4795483,1.0095483,0.36954835,0.37954834,0.28954834,-0.07045166,-0.22045165,-0.45045167,-0.41045165,-1.0004517,-1.5704516,-1.6204517,-2.4204516,-3.2304516,-4.260452,1.1995484,1.6295483,2.4195483
-4.9604516,-4.470452,-3.5004516,-2.4404516,-1.0704516,0.33954835,1.3695483,2.6095483,3.0695484,4.089548,4.6695485,4.8895483,5.1695485,5.1595483,5.799548,6.6595483,7.509548,8.169548,8.479548,8.419548,8.659549,7.7695484,7.719548,7.4095483,6.029548,-2.7404516,-2.7904518,-1.7604517,-0.17045166,0.60954833,1.0795484,1.3895483,1.6095483,1.8095484,2.4295483,2.1795483,2.0795484,1.5695484,1.8095484,1.1295483,0.88954836,1.0395484,0.88954836,0.38954833,-0.030451661,-0.14045165,-0.06045166,-0.6304517,-1.0104517,-1.2804517,-2.4604516,-3.8404517,-4.8304515,-6.950452,-7.0904517,-4.780452,1.6995484
-1.3304516,-0.85045165,-0.35045165,0.50954837,1.5295483,2.1895483,2.6395483,4.2895484,4.6495485,5.3695483,5.4495482,5.969548,4.6895485,6.0395484,7.259548,6.9095483,6.6895485,6.6595483,6.4195485,5.7695484,5.4195485,5.1195483,5.4295483,0.47954834,-3.5604517,-3.5804517,-3.4604516,-2.2604516,-0.97045165,-0.35045165,0.01954834,-4.5166016E-4,0.96954834,1.3295484,1.5895483,1.9095483,2.1295483,2.2795484,2.1695483,1.2095484,1.0195483,1.2695483,1.4995483,1.1395483,0.45954835,-0.20045166,-0.28045166,-0.32045165,-1.1304517,-1.7104516,-2.5104516,-3.4204516,-4.1404514,-5.1004515,-5.9004517,-6.1904516,-5.5604515
1.4295484,1.9995483,2.9495482,3.3495483,4.3895483,5.719548,5.8895483,5.839548,5.3095484,5.3795485,5.2495484,5.469548,5.239548,5.1495485,4.989548,5.6795483,5.4095483,4.5395484,4.4595485,4.489548,4.4295483,2.1695483,-2.6904516,-4.1704516,-4.530452,-4.4204516,-3.6704516,-2.4604516,-2.0204515,-1.1804516,-0.37045166,0.36954835,1.0395484,1.3995483,1.6095483,1.6095483,1.8195484,1.8495483,1.6995484,0.95954835,1.1395483,1.0195483,1.2395483,1.1795484,0.6295483,-0.06045166,-0.44045165,-0.58045167,-0.79045165,-1.3604517,-2.3504517,-3.5704517,-3.9404516,-4.2104516,-4.780452,-5.8104515,-6.1704516
2.3095484,2.6895483,3.2095482,3.4195483,3.8095484,3.9795485,4.009548,3.7095482,2.8695483,3.3995483,4.1695485,4.029548,4.6195483,3.2695484,3.8595483,3.8395483,3.8295484,3.5495484,4.4495482,-1.6304517,-4.5904517,-5.4804516,-5.720452,-5.6204515,-5.1304517,-3.8504517,-3.0404518,-2.3904517,-1.4404516,-0.78045166,0.11954834,0.75954837,1.2295483,1.4895483,1.7095484,2.0295484,1.8295484,1.6995484,1.5395484,1.3295484,0.94954836,1.0295483,0.9295483,0.64954835,0.36954835,0.19954833,0.41954833,0.22954834,-0.12045166,-0.66045165,-1.4304516,-2.0704517,-3.3404517,-3.8504517,-4.3504515,-4.6204515,-5.280452
1.6595483,1.2195483,0.8095483,-0.18045166,0.6295483,1.4295484,1.4495484,1.5595484,1.5695484,1.7495483,1.8795483,1.7495483,2.5895483,3.1695483,3.8895483,2.5995483,-1.6404517,-4.9204516,-6.2104516,-6.780452,-6.6204515,-6.4004517,-5.8604517,-5.0404515,-3.7304516,-3.1004517,-2.4204516,-1.4404516,-0.8104517,0.04954834,0.64954835,1.3195484,1.6595483,1.6395483,1.9995483,1.7995484,1.7395483,1.4195484,1.4695483,1.0595484,1.1295483,0.59954834,0.45954835,0.6195483,0.27954835,0.37954834,0.69954836,0.51954836,0.49954835,0.22954834,-0.04045166,-0.89045167,-1.5704516,-2.3404517,-3.1604517,-3.5704517,-3.9404516
-3.7204516,-3.1104517,-1.6704516,-0.93045163,0.63954836,1.9795483,1.9195484,1.5995483,2.0895483,1.5295483,-0.030451661,-2.8204517,-4.660452,-5.6704516,-6.2904515,-6.740452,-6.9604516,-6.8904514,-6.4404516,-6.1104517,-6.0704517,-5.1904516,-3.7404516,-3.1704516,-2.5804517,-1.7704517,-1.0604516,-0.16045167,0.32954833,0.90954834,1.4095483,1.7195483,2.2695484,2.5095484,2.3795483,2.3295484,2.3995483,2.2695484,1.7195483,1.6995484,1.5195483,0.89954835,0.78954834,0.9995483,1.0095483,0.84954834,0.90954834,0.94954836,0.84954834,0.31954834,0.03954834,-0.17045166,-0.55045164,-0.8804517,-1.4104517,-2.2404516,-2.7904518
-5.280452,-4.5504518,-4.8504515,-5.3304515,-5.930452,-5.910452,-6.0604515,-6.1504517,-6.2104516,-6.720452,-6.7904515,-6.7904515,-6.8704515,-6.6904516,-6.4804516,-6.260452,-6.0704517,-5.910452,-5.5804515,-4.410452,-3.4204516,-2.8704517,-2.2504516,-1.6204517,-0.80045164,0.16954833,1.1895484,1.8795483,2.4695482,2.9495482,3.1895483,3.2395484,3.1895483,2.6995482,2.9095483,2.5895483,2.3695483,2.2195482,2.0095484,1.8595483,1.8695483,1.8795483,1.8995483,1.9795483,1.7795483,1.4895483,1.4095483,1.5595484,1.2495483,0.5595483,0.35954833,0.22954834,-0.19045167,-0.91045165,-1.5604516,-1.5404516,-1.4304516
-6.1704516,-5.9004517,-5.9804516,-6.0704517,-6.0604515,-5.9204516,-6.200452,-6.3504515,-6.1304517,-6.030452,-5.8304515,-5.7504516,-5.470452,-5.3304515,-5.1304517,-4.5004516,-3.9804516,-3.6204517,-3.0204515,-2.4604516,-1.6704516,-0.90045166,-4.5166016E-4,1.0295483,1.8795483,2.6295483,3.2895484,3.7195482,3.9795485,4.0995483,4.1895485,4.0995483,4.069548,3.7795484,3.3995483,2.9095483,2.1795483,2.3595483,2.4295483,2.5295484,2.5895483,2.6895483,2.8095484,2.8795483,2.9195483,2.5795484,2.4995484,2.6295483,2.7095482,2.8095484,2.6295483,1.9295484,1.3195484,1.0695484,0.85954833,0.75954837,0.56954837
-3.5804517,-3.2404516,-2.9704516,-3.3204517,-3.8104517,-4.1004515,-4.3004518,-4.220452,-4.220452,-3.9904516,-3.8304517,-3.7004516,-3.6004517,-3.4004517,-3.0204515,-2.5004516,-1.8804517,-1.2104516,-0.36045167,0.5595483,1.4195484,2.1095483,2.7995484,3.4395483,3.9095483,4.1595483,4.319548,4.4195485,4.4095483,4.3295484,4.3795485,4.3595486,4.2695484,4.3095484,4.0795484,2.8395483,2.3095484,2.2395484,2.6595483,2.8595483,3.1095483,3.1895483,3.2695484,3.3795483,3.4295483,3.3895483,3.5795484,3.7295485,3.8195484,4.029548,4.1495485,4.469548,4.0395484,3.6295483,3.5495484,3.4295483,3.3895483
0.25954834,-0.26045167,0.15954834,-1.0504516,-1.4804517,-1.7204517,-1.8404517,-1.8704517,-1.8004516,-1.6404517,-1.3904517,-1.1704516,-0.6904517,-0.08045166,0.69954836,1.4495484,2.0395484,2.5595484,3.0595484,3.5695484,3.8995483,4.1795483,4.4295483,4.589548,4.6595483,4.6995482,4.8095484,4.759548,4.739548,4.469548,4.5195484,4.9295483,5.029548,3.9895484,3.7295485,2.7695484,1.5895483,1.9195484,2.3295484,2.7295485,3.0495484,3.3695483,3.4795485,3.5695484,3.8795483,4.1595483,4.239548,4.3695483,4.6395483,4.8895483,5.8595486,5.089548,4.219548,4.239548,4.509548,4.9995484,5.239548
-1.0804516,-1.6404517,-1.6304517,-1.6004517,-1.1404517,-0.66045165,-0.19045167,0.29954833,0.8795483,1.3595483,1.8395483,2.2895484,2.6895483,3.0195484,3.3195484,3.6295483,3.9695482,4.279548,4.4995484,4.6895485,4.719548,4.6595483,4.779548,5.3095484,5.6595483,5.4495482,4.839548,4.2695484,3.6695483,3.6295483,3.6495483,3.7195482,3.3795483,3.3795483,2.9495482,0.81954837,1.0995483,1.4095483,1.9995483,2.5095484,2.9095483,3.3795483,3.5395484,3.9195483,4.1995482,4.3495483,4.4295483,4.6595483,4.839548,5.0795484,4.489548,4.319548,2.6195483,2.9095483,2.6295483,1.4895483,0.7995483
-1.0304517,-1.2304517,-1.4604516,-1.4504516,-1.1104517,-0.39045167,0.39954835,1.1795484,1.9195484,2.4395483,2.7895484,3.1695483,3.5695484,4.0195484,4.2095485,4.4495482,4.4395485,4.3995485,4.4495482,4.469548,4.319548,4.3895483,4.0795484,4.1595483,3.6195483,3.1495483,2.7295485,1.6095483,2.0195484,3.3395483,3.9195483,2.1495483,0.51954836,0.56954837,0.56954837,0.64954835,0.90954834,1.5695484,2.1395483,2.5095484,2.8995483,3.3095484,3.5995483,3.8895483,4.0195484,4.279548,4.759548,4.7095485,4.5795484,4.739548,4.0395484,3.6595483,2.5595484,2.0095484,2.0995483,2.3895483,1.9395484
-1.4904517,-1.3504517,-0.99045163,-0.58045167,-0.10045166,0.43954834,0.65954834,0.9295483,1.1095483,1.5595484,1.9295484,2.3195484,2.4795485,2.5895483,3.0195484,3.2795484,3.2495484,3.0495484,3.1095483,3.3195484,3.1995482,3.4995484,2.8295484,2.9195483,2.9595482,2.5995483,2.4095483,2.6395483,3.3495483,1.9395484,0.70954835,0.77954835,1.1495483,1.7095484,1.7495483,1.7395483,1.7695483,1.9195484,1.9395484,2.3795483,2.8595483,3.2695484,3.4795485,3.6895483,3.9795485,4.0795484,3.8795483,4.4295483,4.279548,2.5195484,0.56954837,0.17954834,-0.77045166,0.5495483,2.4295483,0.16954833,-0.34045166
-1.6004517,-0.83045167,-0.23045166,0.22954834,0.65954834,1.1095483,1.4995483,1.7095484,1.7095484,1.9495484,2.0195484,2.3295484,2.5395484,2.6595483,3.2395484,3.4095483,3.5895483,3.6495483,3.3095484,2.8295484,2.7795484,2.6195483,2.8595483,2.6295483,2.8195484,2.7595484,2.4595482,1.9295484,1.5995483,1.8695483,2.1395483,2.0495484,1.8795483,2.0195484,2.1295483,2.0395484,1.9195484,1.8695483,2.0095484,2.1195483,2.3795483,2.7795484,2.3095484,0.57954836,-1.0604516,-0.37045166,0.56954837,1.1895484,0.44954833,0.19954833,0.71954834,0.84954834,-0.05045166,-3.1004517,-0.7004517,-0.13045166,-1.9904517
-1.6004517,-0.59045166,0.41954833,1.5295483,2.1995482,2.7795484,2.8695483,3.1395483,3.4895484,3.4595482,3.7195482,3.4995484,3.6295483,2.9995484,3.0095484,2.6595483,2.6695483,2.7595484,3.1295483,3.1895483,2.6095483,1.8795483,1.9295484,1.9395484,1.9095483,1.8395483,1.8895483,1.6995484,1.4695483,1.5395484,1.6195483,-1.1004517,-0.96045166,1.1895484,1.2595483,0.40954834,0.69954836,1.5595484,1.2895484,0.63954836,0.45954835,0.5495483,0.64954835,0.12954834,0.35954833,0.65954834,1.0495484,1.6995484,2.4395483,2.2895484,1.9395484,1.8695483,1.4695483,1.4795483,1.8795483,2.1895483,2.0895483
2.7095482,3.1695483,3.5095484,3.7995484,4.029548,4.1595483,4.299548,4.3895483,4.3895483,4.2095485,4.1395483,4.239548,3.6395483,3.3495483,2.8695483,2.5595484,2.6595483,2.3595483,0.00954834,0.82954836,2.0895483,1.6595483,0.95954835,0.24954835,-0.08045166,-0.17045166,-0.25045165,-0.5104517,-1.2204517,-0.99045163,-0.72045165,-0.34045166,1.1995484,1.2595483,1.0695484,0.13954835,0.71954834,0.20954834,-0.9504517,-1.2504517,-1.0104517,-0.5004517,0.05954834,-0.030451661,-0.27045166,1.2195483,3.0095484,3.6995482,3.0695484,2.9695482,3.1495483,3.3695483,3.4295483,3.1595483,2.8695483,2.7395484,2.3995483
5.3795485,5.1695485,5.1495485,5.1295485,5.0795484,5.089548,5.029548,4.8795485,4.6295485,4.4095483,3.9595482,3.1195483,2.5495484,2.0095484,1.7095484,1.6895484,1.6395483,1.4995483,1.3595483,1.0495484,0.63954836,0.42954835,0.30954835,0.17954834,-0.25045165,-0.13045166,-0.20045166,-0.32045165,-0.02045166,0.24954835,0.57954836,0.75954837,0.78954834,0.82954836,1.2195483,1.5795484,0.89954835,0.09954834,-0.02045166,0.30954835,0.82954836,1.1995484,1.3695483,1.7995484,2.7095482,3.1195483,2.7395484,2.5495484,2.4695482,2.1995482,1.9695483,1.5495484,1.6195483,1.8795483,1.8795483,1.7695483,1.4995483
4.839548,4.6595483,4.3895483,4.029548,3.4895484,2.9195483,2.4095483,1.9995483,1.7295483,1.6195483,1.5495484,1.3995483,1.2095484,1.0595484,1.0495484,0.9995483,0.9295483,0.71954834,0.43954834,0.29954833,0.17954834,0.04954834,-0.09045166,-0.09045166,0.02954834,0.18954834,0.49954835,0.78954834,0.9895483,1.0695484,0.8795483,0.91954833,0.95954835,0.9995483,1.0395484,1.0695484,1.0595484,1.0195483,0.9895483,0.9395483,0.82954836,0.77954835,0.82954836,0.85954833,0.76954836,0.76954836,0.8095483,0.70954835,0.49954835,0.26954833,0.10954834,0.01954834,-0.14045165,-0.22045165,-0.29045165,-0.17045166,0.24954835
-0.37045166,-0.39045167,-0.19045167,-0.0104516605,0.22954834,0.40954834,0.57954836,0.65954834,0.71954834,0.76954836,0.7995483,0.83954835,0.9395483,1.0095483,1.0795484,1.1895484,1.2995484,1.3295484,1.2595483,1.1895484,1.0895483,0.9995483,0.90954834,0.84954834,0.7995483,0.7395483,0.66954833,0.6195483,0.52954835,0.39954835,0.23954834,0.05954834,-0.26045167,-1.5004517,-2.3904517,-2.5804517,-2.2704515,-2.0504518,-1.8904517,-1.7804517,-1.6304517,-1.2904516,-0.90045166,-0.37045166,0.03954834,0.25954834,0.35954833,0.41954833,0.49954835,0.6895483,0.59954834,0.25954834,0.04954834,-4.5166016E-4,0.03954834,0.26954833,0.49954835
0.66954833,0.15954834,0.04954834,0.09954834,-0.15045166,-0.52045166,-0.86045164,-1.1004517,-1.0304517,-0.8704517,-0.91045165,-1.0304517,-1.0104517,-1.0804516,-1.1704516,-1.2604517,-1.3004516,-1.3404517,-1.4404516,-1.5804516,-1.6504517,-1.6904516,-1.5104517,-0.96045166,-0.18045166,0.30954835,0.5495483,0.45954835,0.36954835,0.28954834,0.27954835,0.32954833,0.41954833,0.47954834,0.47954834,0.39954835,0.37954834,0.70954835,0.9895483,0.8795483,0.78954834,1.0095483,1.3595483,1.6995484,1.4195484,0.33954835,-0.48045167,-0.49045166,-0.52045166,-0.58045167,-0.71045166,-0.6304517,-0.48045167,-0.34045166,-0.24045166,-0.18045166,-0.02045166
-0.15045166,0.05954834,-0.9504517,-1.2304517,-1.5404516,-1.9704517,-2.3104517,-2.3904517,-2.2604516,-2.2704515,-2.0504518,-1.9404516,-1.7504517,-1.7904516,-2.0104516,-2.2404516,-2.4104517,-2.4504516,-2.4104517,-2.3904517,-2.4704516,-2.5304518,-2.5804517,-2.5804517,-2.5704517,-2.5604517,-2.5804517,-2.5704517,-2.4304516,-2.2304516,-1.8904517,-1.5004517,-1.0904517,-1.1604517,-1.2704517,-1.7604517,-2.3604517,-3.0504518,-3.1504517,-2.9804516,-2.8104517,-2.5804517,-2.4104517,-2.5404518,-2.6504517,-2.4904516,-2.1004517,-2.1404517,-2.2704515,-2.0404518,-1.4504516,-0.8704517,-0.36045167,0.05954834,0.07954834,-0.33045167,-1.0004517
0.22954834,0.9895483,0.6895483,0.44954833,0.14954834,0.14954834,0.84954834,1.3695483,0.89954835,0.72954834,0.81954837,1.0695484,0.35954833,-0.37045166,-1.0404516,-1.5304517,-1.8004516,-2.3104517,-2.8204517,-3.3104517,-3.7404516,-4.0804515,-4.470452,-4.720452,-4.9404516,-5.1104517,-5.260452,-5.3204517,-5.160452,-5.010452,-4.9404516,-4.950452,-5.010452,-5.1004515,-5.1204515,-4.8404517,-4.5704517,-4.3304515,-4.3304515,-4.3704515,-4.3104515,-4.180452,-3.9404516,-3.7604516,-3.7104516,-3.7404516,-4.0004516,-4.1104517,-4.2504516,-4.260452,-4.2704515,-4.410452,-4.6104517,-4.780452,-4.9004517,-5.1104517,-5.3404517
